import numpy as np
import argopy
from argopy import ArgoFloat

argopy.reset_options()
argopy.clear_cache()

wmo_list = [
    1901614,
    1901615,
    1902371,
    1902374,
    1902380,
    1902381,
    1902384,
    1902385,
    1902453,
    1902455,
    1902456,
    1902457,
    1902458,
    1902490,
    1902491,
    1902492,
    1902494,
    1902495,
    1902496,
    1902497,
    1902499,
    1902500,
    1902501,
    1902593,
    1902594,
    1902601,
    1902602,
    1902604,
    1902605,
    1902627,
    1902628,
    1902644,
    1902652,
    1902653,
    1902656,
    1902657,
    1902681,
    1902685,
    1902698,
    1902714,
    1902715,
    1902718,
    1902719,
    1902722,
    1902742,
    1902743,
    1902744,
    1902747,
    1902766,
    1902802,
    1902810,
    1902827,
    1902843,
    1902851,
    1902884,
    2901918,
    2902829,
    2902833,
    2902835,
    2902878,
    2902886,
    2902913,
    2902933,
    2902936,
    2903439,
    2903440,
    2903441,
    2903442,
    2903451,
    2903459,
    2903461,
    2903462,
    2903463,
    2903464,
    2903465,
    2903466,
    2903467,
    2903468,
    2903472,
    2903762,
    2903787,
    2903792,
    2903795,
    2903797,
    2903839,
    2903840,
    2903842,
    2903858,
    2903863,
    2903864,
    2903866,
    2903875,
    2903876,
    2903885,
    2903886,
    2903903,
    2903919,
    2903921,
    2903922,
    2903924,
    2903936,
    2903937,
    2903939,
    2903940,
    2903941,
    2903947,
    2903948,
    2903965,
    2903966,
    2903967,
    2903968,
    2903985,
    2903986,
    2904000,
    2904010,
    2904012,
    2904013,
    2904014,
    2904037,
    2904077,
    2904078,
    2904126,
    3901578,
    3901580,
    3901582,
    3901583,
    3901584,
    3901586,
    3902258,
    3902259,
    3902261,
    3902331,
    3902332,
    3902334,
    3902340,
    3902341,
    3902343,
    3902344,
    3902345,
    3902348,
    3902452,
    3902454,
    3902465,
    3902472,
    3902483,
    3902490,
    3902500,
    3902506,
    3902539,
    3902543,
    3902563,
    3902587,
    3902589,
    3902612,
    3902615,
    3902642,
    3902643,
    3902646,
    3902649,
    3902650,
    3902660,
    3902670,
    3902682,
    3902688,
    3902708,
    3902709,
    3902747,
    3902748,
    3902749,
    3902756,
    3902772,
    3902798,
    3902800,
    4903274,
    4903456,
    4903459,
    4903462,
    4903463,
    4903485,
    4903488,
    4903499,
    4903500,
    4903532,
    4903533,
    4903564,
    4903565,
    4903566,
    4903570,
    4903571,
    4903614,
    4903615,
    4903634,
    4903660,
    4903662,
    4903666,
    4903685,
    4903739,
    4903744,
    4903752,
    4903759,
    4903821,
    4903830,
    4903831,
    4903832,
    4903847,
    4903848,
    4903849,
    4903852,
    4903853,
    4903855,
    4903858,
    4903865,
    4903868,
    4903881,
    4903899,
    4903904,
    4903913,
    4903933,
    4903934,
    4903969,
    4903970,
    4903971,
    4903974,
    4903977,
    4904029,
    5905501,
    5905505,
    5905531,
    5905553,
    5905555,
    5905556,
    5905557,
    5905597,
    5905598,
    5905613,
    5905617,
    5905631,
    5906235,
    5906294,
    5906304,
    5906311,
    5906319,
    5906443,
    5906448,
    5906449,
    5906469,
    5906477,
    5906479,
    5906480,
    5906492,
    5906499,
    5906509,
    5906518,
    5906525,
    5906537,
    5906538,
    5906539,
    5906540,
    5906550,
    5906563,
    5906564,
    5906566,
    5906575,
    5906602,
    5906603,
    5906608,
    5906609,
    5906610,
    5906611,
    5906612,
    5906635,
    5906661,
    5906767,
    5906883,
    5906884,
    5906885,
    5906970,
    5906990,
    5906993,
    5907064,
    5907065,
    5907066,
    5907086,
    5907131,
    5907146,
    5907147,
    5907148,
    5907151,
    5907152,
    5907193,
    5907215,
    5907220,
    5907248,
    5907249,
    5907250,
    5907251,
    5907306,
    6902909,
    6903822,
    6903825,
    6903826,
    6903874,
    6903876,
    6903877,
    6903878,
    6904182,
    6904183,
    6904184,
    6904186,
    6904187,
    6904188,
    6904189,
    6904232,
    6904233,
    6990504,
    6990505,
    6990514,
    6990525,
    6990528,
    6990580,
    6990590,
    6990593,
    6990594,
    6990636,
    6990662,
    6990668,
    6990670,
    6990671,
    6990684,
    6990685,
    6990686,
    6990687,
    6990689,
    6990691,
    6990694,
    6990695,
    6990727,
    6999992,
    6999997,
    7900706,
    7900878,
    7900885,
    7900887,
    7900888,
    7900889,
    7900890,
    7900943,
    7900965,
    7901007,
    7901009,
    7901026,
    7901095,
    7901097,
    7901098,
    7901102,
    7901103,
    7901109,
    7901112,
    7901133,
    7901146,
    7902069,
    7902101,
    7902102,
    7902104,
    7902106,
    7902111,
    7902112,
    7902115,
    7902125,
    7902138,
    7902150,
    7902160,
    7902176,
    7902178,
    7902179,
    7902199,
    7902218,
    7902219,
    7902221,
    7902223,
    7902226,
    7902227,
    7902260,
    7902261,
    7902265,
    7902270,
    7902276,
    7902277,
    7902280,
    7902292,
    7902311,
    7902312,
    7902313,
    7902330,
    7902334,
    7902378,
    7902379,
    7902380,
    7902381,
    7902387,
    7902388
]

boje_z_doxy = []

for wmo in wmo_list:

    print("Sprawdzam:", wmo)

    try:
        apDS = ArgoFloat(wmo).open_dataset("prof")

        if "DOXY_ADJUSTED" in apDS.data_vars:
            boje_z_doxy.append(wmo)

        elif "DOXY" in apDS.data_vars:
            boje_z_doxy.append(wmo)

    except Exception as e:
        print("Błąd dla", wmo, ":", e)

print("\nBOJE POSIADAJĄCE DOXY:")
print(boje_z_doxy)
print("Liczba boi z DOXY:", len(boje_z_doxy))
